6606983317488641
6606983316931584
6606983309165570
6606983309165569
6605581570049024
6605506203845632
6605486212547584
6605437058810881
6605406088594433
6605371360216065
6605258147103745
6605258128851968
6605256675001344
6605184755434497
6605156564304896
6605145922896896
6605145916507137
6605145915425792
6605103644836864
6605101196772353
6605101189858304
6605056636847104
6605056628687873
6605056621839360
6605056621478913
6604964374316033
6604936944026625
6604936943535104
6604933079630849
6604930629895169
6604585168700416
6604584280851457
6604565791933440
6604560210101248
6604560202269697
6604560194077697
6604548366763008
6604547129246720
6604409951388672